148
338
277
266
85
409
5
30
93
312
330
131
351
313
128
190
199
303
334
226
150
284
177
395
72
38
292
99
65
267
17
238
69
76
364
44
16
220
170
350
239
335
408
49
241
352
222
259
149
186
25
268
189
222
88
67
190
305
196
372
189
293
280
288
8
320
79
144
116
22
145
260
333
24
327
384
389
283
145
249
198
91
249
349
158
171
176
51
380
96
277
259
91
406
280
327
226
261
101
83
183
291
304
279
390
358
383
161
193
68
3
408
409
151
141
314
276
271
156
275
240
93
228
278
42
351
86
193
323
218
284
44
249
222
88
11
161
59
361
315
400
274
65
153
367
286
62
390
369
76
166
180
118
355
277
98
123
119
312
77
86
327
204
400
166
175
305
157
366
353
164
9
247
53
145
43
322
85
268
128
216
394
342
383
177
216
228
404
361
159
6
342
109
194
7
96
232
237
310
72
118
122
160
331
374
178
212
351
334
335
301
400
217
310
305
5
192
65
146
319
30
362
230
202
111
335
60
389
245
113
48
127
18
198
51
178
278
363
91
203
8
356
193
126
331
2
56
318
123
381
210
193
143
140
9
180
39
148
325
4
113
401
218
226
226
250
134
116
366
70
113
39
83
99
244
196
144
212
127
50
26
207
91
47
389
142
404
97
381
290
168
42
398
149
354
364
249
45
409
93
153
211
45
409
403
329
271
51
121
225
305
97
331
337
13
136
336
260
46
29
121
316
105
218
270
108
327
177
280
320
125
178
251
183
101
395
275
250
89
108
14
141
70
157
119
338
129
49
143
300
179
302
193
235
259
166
92
56
124
251
273
124
365
397
52
279
85
111
233
134
108
24
286
342
243
301
388
330
210
341
241
73
211
226
52
255
334
103
176
221
398
219
94
53
223
316
95
164
193
382
65
56
1
145
94
171
31
261
125
67
128
256
115
149
264
305
179
177
200
346
338
175
191
216
208
224
351
316
177
372
112
182
78
350
173
109
308
400
310
12
250
69
195
354
248
57
226
173
97
6
389
245
285
32
178
365
334
218
241
275
218
84
332
36
317
289
9
25
39
181
396
19
177
8
61
303
159
166
143
221
291
332
351
386
154
107
339
149
141
242
333
110
233
187
151
39
255
126
343
203
274
353
100
183
272
400
280
139
395
101
76
58
108
203
187
269
403
329
170
214
33
371
322
8
27
263
338
122
162
61
378
109
142
3
342
213
159
144
180
403
330
158
57
104
208
218
291
346
81
120
333
174
228
80
94
102
41
96
188
162
168
194
232
70
62
241
158
118
278
201
94
143
139
383
293
220
45
72
150
108
273
78
378
186
127
362
52
19
110
183
167
98
52
300
195
171
165
407
346
77
207
130
390
368
343
396
35
185
61
73
131
366
125
332
127
176
244
215
67
82
289
126
211
298
49
13
371
59
272
378
319
345
134
259
346
117
310
327
285
229
6
401
312
71
120
391
210
191
27
266
167
273
290
50
110
315
200
17
167
27
379
72
157
145
320
140
72
198
365
353
56
256
172
310
389
16
304
307
88
351
378
45
322
81
310
157
276
404
384
140
10
302
252
106
169
173
131
232
364
273
391
157
6
67
320
146
357
341
270
261
128
365
246
156
146
140
396
136
222
27
306
278
361
310
51
123
202
337
78
158
226
195
284
160
158
229
102
29
168
196
46
53
343
117
322
272
218
213
407
17
328
372
407
277
70
47
129
163
250
109
196
136
316
24
347
275
321
74
335
165
321
196
42
68
117
343
387
233
39
348
124
262
228
9
290
404
271
64
101
242
140
404
58
144
161
258
205
386
42
300
353
260
29
380
244
88
187
231
333
23
372
19
368
269
106
148
27
347
224
168
59
279
232
284
369
141
379
162
80
385
290
326
309
57
180
196
225
19
356
216
126
77
239
188
133
193
287
343
233
263
297
363
4
261
315
195
365
136
179
19
105
361
216
335
386
380
381
134
32
119
44
174
237
323
281
56
34
119
134
158
276
227
56
250
282
26
340
1
219
357
176
211
75
61
255
206
281
64
384
250
303
254
71
332
350
96
53
276
27
159
339
288
213
90
95
82
340
243
175
209
163
402
400
153
12
109
251
193
127
35
247
187
41
148
48
391
406
77
350
60
139
285
74
191
289
28
134
57
161
95
31
120
355
50
299
5
320
84
96
86
171
102
164
145
180
96
233
384
226
403
156
347
4
70
115
351
347
192
139
354
159
42
270
51
253
174
182
259
134
283
372
29
129
126
103
372
291
301
284
144
